2026-06-30_01-20-08,0,draft.go:2026-06-30_01-20-08
2026-06-30_01-20-27,100,draft.go:2026-06-30_01-20-27
