2026-03-27_00-35-23,0,draft.go:2026-03-27_00-35-23
2026-03-27_00-56-59,---,draft.go:2026-03-27_00-56-59
2026-03-27_01-00-55,0,draft.go:2026-03-27_01-00-55
2026-03-27_01-01-15,0,draft.go:2026-03-27_01-01-15
2026-03-27_01-01-24,0,draft.go:2026-03-27_01-01-24
2026-03-27_01-01-59,0,draft.go:2026-03-27_01-01-59
2026-03-27_01-07-44,16,draft.go:2026-03-27_01-07-44
2026-03-27_01-09-29,0,draft.go:2026-03-27_01-09-29
2026-03-27_01-10-02,0,draft.go:2026-03-27_01-10-02
2026-03-27_01-25-27,0,draft.go:2026-03-27_01-10-02
2026-03-27_01-27-23,0,draft.go:2026-03-27_01-10-02
2026-03-27_01-27-38,100,draft.go:2026-03-27_01-27-38
